bastarda,b******a
bastardo,b******o
cacacazzo,c*******o
cacai,c***i
cacammo,c*****o
cacando,c*****o
cacano,c****o
cacante,c*****e
cacanti,c*****i
cacar,c***r
cacare,c****e
cacarono,c******o
cacasse,c*****e
cacassero,c*******o
cacassi,c*****i
cacassimo,c*******o
cacaste,c*****e
cacasti,c*****i
cacata,c****a
cacate,c****e
cacati,c****i
cacato,c****o
cacatoi,c*****i
cacatoio,c******o
cacava,c****a
cacavamo,c******o
cacavano,c******o
cacavate,c******e
cacavi,c****i
cacavo,c****o
cacca,c***a
cacherai,c******i
cacheranno,c********o
cacherebbe,c********e
cacherebbero,c**********o
cacherei,c******i
cacheremmo,c********o
cacheremo,c*******o
cachereste,c********e
cacheresti,c********i
cacherete,c*******e
cacherà,c*****à
cacherò,c*****ò
cachiamo,c******o
cachiate,c******e
cachino,c*****o
cacò,c**ò
caga,c**a
cagacazzo,c*******o
cagai,c***i
cagammo,c*****o
cagando,c*****o
cagano,c****o
cagante,c*****e
caganti,c*****i
cagar,c***r
cagare,c****e
cagarono,c******o
cagasse,c*****e
cagassero,c*******o
cagassi,c*****i
cagassimo,c*******o
cagaste,c*****e
cagasti,c*****i
cagata,c****a
cagate,c****e
cagati,c****i
cagato,c****o
cagava,c****a
cagavamo,c******o
cagavano,c******o
cagavate,c******e
cagavi,c****i
cagavo,c****o
cagherai,c******i
cagheranno,c********o
cagherebbe,c********e
cagherebbero,c**********o
cagherei,c******i
cagheremmo,c********o
cagheremo,c*******o
caghereste,c********e
cagheresti,c********i
cagherete,c*******e
cagherà,c*****à
cagherò,c*****ò
caghi,c***i
caghiamo,c******o
caghiate,c******e
caghino,c*****o
cago,c**o
cagò,c**ò
cazza,c***a
cazzata,c*****a
cazzate,c*****e
cazzi,c***i
cazziatone,c********e
cazziatoni,c********i
cazzo,c***o
cazzone,c*****e
cazzoni,c*****i
cazzuta,c*****a
cazzute,c*****e
cazzuti,c*****i
cazzuto,c*****o
cesso,c***o
checca,c****a
checche,c*****e
chiava,c****a
chiavai,c*****i
chiavammo,c*******o
chiavando,c*******o
chiavano,c******o
chiavante,c*******e
chiavanti,c*******i
chiavar,c*****r
chiavare,c******e
chiavarono,c********o
chiavasse,c*******e
chiavassero,c*********o
chiavassi,c*******i
chiavassimo,c*********o
chiavaste,c*******e
chiavasti,c*******i
chiavata,c******a
chiavate,c******e
chiavati,c******i
chiavato,c******o
chiavava,c******a
chiavavamo,c********o
chiavavano,c********o
chiavavate,c********e
chiavavi,c******i
chiavavo,c******o
chiaverai,c*******i
chiaveranno,c*********o
chiaverebbe,c*********e
chiaverebbero,c***********o
chiaverei,c*******i
chiaveremmo,c*********o
chiaveremo,c********o
chiavereste,c*********e
chiaveresti,c*********i
chiaverete,c********e
chiaverà,c******à
chiaverò,c******ò
chiaviamo,c*******o
chiaviate,c*******e
chiavino,c******o
chiavo,c****o
chiavò,c****ò
coglione,c******e
coglioni,c******i
cornuto,c*****o
culattone,c*******e
culattoni,c*******i
culi,c**i
culo,c**o
ditalini,d******i
ditalino,d******o
fammi una sega,f***********a
fancazzista,f*********a
fancazziste,f*********e
fancazzisti,f*********i
fanculo,f*****o
farci una sega,f***********a
farsi una sega,f***********a
farti una sega,f***********a
fatti una sega,f***********a
fica,f**a
figa,f**a
fotter,f****r
fottere,f*****e
fottiti,f*****i
fottuto,f*****o
froci,f***i
frocio,f****o
incazz,i****z
incazza,i*****a
incazzai,i******i
incazzammo,i********o
incazzando,i********o
incazzandoci,i**********i
incazzandomi,i**********i
incazzandoti,i**********i
incazzandovi,i**********i
incazzano,i*******o
incazzante,i********e
incazzanti,i********i
incazzar,i******r
incazzarci,i********i
incazzare,i*******e
incazzarmi,i********i
incazzarono,i*********o
incazzarsi,i********i
incazzarti,i********i
incazzarvi,i********i
incazzasse,i********e
incazzassero,i**********o
incazzassi,i********i
incazzassimo,i**********o
incazzaste,i********e
incazzasti,i********i
incazzata,i*******a
incazzate,i*******e
incazzatemi,i*********i
incazzatevi,i*********i
incazzati,i*******i
incazzatici,i*********i
incazzato,i*******o
incazzava,i*******a
incazzavamo,i*********o
incazzavano,i*********o
incazzavate,i*********e
incazzavi,i*******i
incazzavo,i*******o
incazzer,i******r
incazzerai,i********i
incazzeranno,i**********o
incazzerebbe,i**********e
incazzerebbero,i************o
incazzerei,i********i
incazzeremmo,i**********o
incazzeremo,i*********o
incazzereste,i**********e
incazzeresti,i**********i
incazzerete,i*********e
incazzerà,i*******à
incazzerò,i*******ò
incazzi,i*****i
incazziamo,i********o
incazziamoci,i**********i
incazziate,i********e
incazzino,i*******o
incazzo,i*****o
incazzò,i*****ò
inculare,i******e
inculata,i******a
inculato,i******o
inculerei,i*******i
inculerà,i******à
magnaccia,m*******a
merda,m***a
merdaccia,m*******a
merde,m***e
merdosa,m*****a
merdosamente,m**********e
merdosissima,m**********a
merdosissime,m**********e
merdosissimi,m**********i
merdosissimo,m**********o
merdoso,m*****o
mignotta,m******a
mignotte,m******e
minchia,m*****a
minchiata,m*******a
minchiona,m*******a
minchionaggine,m************e
minchionaggini,m************i
minchionai,m********i
minchionammo,m**********o
minchionando,m**********o
minchionano,m*********o
minchionante,m**********e
minchionanti,m**********i
minchionar,m********r
minchionare,m*********e
minchionarono,m***********o
minchionasse,m**********e
minchionassero,m************o
minchionassi,m**********i
minchionassimo,m************o
minchionaste,m**********e
minchionasti,m**********i
minchionata,m*********a
minchionate,m*********e
minchionati,m*********i
minchionato,m*********o
minchionava,m*********a
minchionavamo,m***********o
minchionavano,m***********o
minchionavate,m***********e
minchionavi,m*********i
minchionavo,m*********o
minchione,m*******e
minchionerai,m**********i
minchioneranno,m************o
minchionerebbe,m************e
minchionerebbero,m**************o
minchionerei,m**********i
minchioneremmo,m************o
minchioneremo,m***********o
minchionereste,m************e
minchioneresti,m************i
minchionerete,m***********e
minchionerà,m*********à
minchionerò,m*********ò
minchioni,m*******i
minchioniamo,m**********o
minchioniate,m**********e
minchionino,m*********o
minchiono,m*******o
minchionò,m*******ò
mortacci,m******i
negra,n***a
negro,n***o
pecorina,p******a
pecorine,p******e
pisce,p***e
piscerai,p******i
pisceranno,p********o
piscerebbe,p********e
piscerebbero,p**********o
piscerei,p******i
pisceremmo,p********o
pisceremo,p*******o
piscereste,p********e
pisceresti,p********i
piscerete,p*******e
piscerà,p*****à
piscerò,p*****ò
pisci,p***i
piscia,p****a
pisciai,p*****i
pisciammo,p*******o
pisciamo,p******o
pisciando,p*******o
pisciano,p******o
pisciante,p*******e
piscianti,p*******i
pisciar,p*****r
pisciare,p******e
pisciarono,p********o
pisciasse,p*******e
pisciassero,p*********o
pisciassi,p*******i
pisciassimo,p*********o
pisciaste,p*******e
pisciasti,p*******i
pisciata,p******a
pisciate,p******e
pisciato,p******o
pisciatoi,p*******i
pisciatoio,p********o
pisciava,p******a
pisciavamo,p********o
pisciavano,p********o
pisciavate,p********e
pisciavi,p******i
pisciavo,p******o
piscino,p*****o
piscio,p****o
pisciò,p****ò
pompino,p*****o
puttana,p*****a
puttane,p*****e
rincoglionendo,r************o
rincoglionente,r************e
rincoglionenti,r************i
rincoglioniamo,r************o
rincoglioniate,r************e
rincoglionii,r**********i
rincoglionimmo,r************o
rincoglionir,r**********r
rincoglionirai,r************i
rincoglioniranno,r**************o
rincoglionire,r***********e
rincoglionirebbe,r**************e
rincoglionirebbero,r****************o
rincoglionirei,r************i
rincoglioniremmo,r**************o
rincoglioniremo,r*************o
rincoglionireste,r**************e
rincoglioniresti,r**************i
rincoglionirete,r*************e
rincoglionirono,r*************o
rincoglionirà,r***********à
rincoglionirò,r***********ò
rincoglionisca,r************a
rincoglioniscano,r**************o
rincoglionisce,r************e
rincoglionisci,r************i
rincoglionisco,r************o
rincoglioniscono,r**************o
rincoglionisse,r************e
rincoglionissero,r**************o
rincoglionissi,r************i
rincoglionissimo,r**************o
rincoglioniste,r************e
rincoglionisti,r************i
rincoglionita,r***********a
rincoglionite,r***********e
rincoglioniti,r***********i
rincoglionito,r***********o
rincoglioniva,r***********a
rincoglionivamo,r*************o
rincoglionivano,r*************o
rincoglionivate,r*************e
rincoglionivi,r***********i
rincoglionivo,r***********o
rincoglionì,r*********ì
rompicazzo,r********o
rompipalle,r********e
rottinculo,r********o
rottoinculo,r*********o
sborr,s***r
sborra,s****a
sborrai,s*****i
sborrammo,s*******o
sborrando,s*******o
sborrano,s******o
sborrante,s*******e
sborranti,s*******i
sborrarci,s*******i
sborrare,s******e
sborrarono,s********o
sborrarti,s*******i
sborrasse,s*******e
sborrassero,s*********o
sborrassi,s*******i
sborrassimo,s*********o
sborraste,s*******e
sborrasti,s*******i
sborrata,s******a
sborrate,s******e
sborrati,s******i
sborrato,s******o
sborrava,s******a
sborravamo,s********o
sborravano,s********o
sborravate,s********e
sborravi,s******i
sborravo,s******o
sborre,s****e
sborrer,s*****r
sborrerai,s*******i
sborreranno,s*********o
sborrerebbe,s*********e
sborrerebbero,s***********o
sborrerei,s*******i
sborreremmo,s*********o
sborreremo,s********o
sborrereste,s*********e
sborreresti,s*********i
sborrerete,s********e
sborri,s****i
sborriamo,s*******o
sborriate,s*******e
sborrino,s******o
sborro,s****o
scassacazzo,s*********o
scazzarmi,s*******i
scazzarsi,s*******i
scazzarti,s*******i
scazzarvi,s*******i
scazzatemi,s********i
scazzatevi,s********i
scazzati,s******i
scazzatone,s********e
scazzavi,s******i
scopala,s*****a
scopale,s*****e
scopalo,s*****o
scopata,s*****a
scoregge,s******e
scoreggerai,s*********i
scoreggeranno,s***********o
scoreggerebbe,s***********e
scoreggerebbero,s*************o
scoreggerei,s*********i
scoreggeremmo,s***********o
scoreggeremo,s**********o
scoreggereste,s***********e
scoreggeresti,s***********i
scoreggerete,s**********e
scoreggerà,s********à
scoreggerò,s********ò
scoreggi,s******i
scoreggia,s*******a
scoreggiai,s********i
sporca negra,s**********a
sporco negro,s**********o
sputtana,s******a
sputtanai,s*******i
sputtanammo,s*********o
sputtanando,s*********o
sputtanano,s********o
sputtanante,s*********e
sputtananti,s*********i
sputtanar,s*******r
sputtanare,s********e
sputtanarono,s**********o
sputtanasse,s*********e
sputtanassero,s***********o
sputtanassi,s*********i
sputtanassimo,s***********o
sputtanaste,s*********e
sputtanasti,s*********i
sputtanata,s********a
sputtanate,s********e
sputtanati,s********i
sputtanato,s********o
sputtanava,s********a
sputtanavamo,s**********o
sputtanavano,s**********o
sputtanavate,s**********e
sputtanavi,s********i
sputtanavo,s********o
sputtanerai,s*********i
sputtaneranno,s***********o
sputtanerebbe,s***********e
sputtanerebbero,s*************o
sputtanerei,s*********i
sputtaneremmo,s***********o
sputtaneremo,s**********o
sputtanereste,s***********e
sputtaneresti,s***********i
sputtanerete,s**********e
sputtanerà,s********à
sputtanerò,s********ò
sputtani,s******i
sputtaniamo,s*********o
sputtaniate,s*********e
sputtanino,s********o
sputtano,s******o
sputtanò,s******ò
stronza,s*****a
stronzi,s*****i
stronzo,s*****o
succhiacazzi,s**********i
succhiacazzo,s**********o
terrona,t*****a
terrone,t*****e
terroni,t*****i
travone,t*****e
travoni,t*****i
troia,t***a
troiai,t****i
troiaio,t*****o
troiona,t*****a
troione,t*****e
troioni,t*****i
trombai,t*****i
trombammo,t*******o
trombando,t*******o
trombano,t******o
trombante,t*******e
trombanti,t*******i
trombar,t*****r
trombare,t******e
trombarono,t********o
trombasse,t*******e
trombassero,t*********o
trombassi,t*******i
trombassimo,t*********o
trombaste,t*******e
trombasti,t*******i
trombata,t******a
trombate,t******e
trombati,t******i
trombato,t******o
trombava,t******a
trombavamo,t********o
trombavano,t********o
trombavate,t********e
trombavi,t******i
trombavo,t******o
tromberai,t*******i
tromberanno,t*********o
tromberebbe,t*********e
tromberebbero,t***********o
tromberei,t*******i
tromberemmo,t*********o
tromberemo,t********o
trombereste,t*********e
tromberesti,t*********i
tromberete,t********e
tromberà,t******à
tromberò,t******ò
trombiamo,t*******o
trombiate,t*******e
trombino,t******o
trombò,t****ò
vaffanculo,v********o
zinna,z***a
zinne,z***e
zizza,z***a
zizze,z***e
zoccola,z*****a
zoccolai,z******i
zoccolaio,z*******o
zoccolammo,z********o
zoccolando,z********o
zoccolano,z*******o
zoccolante,z********e
zoccolanti,z********i
zoccolar,z******r
zoccolare,z*******e
zoccolarono,z*********o
zoccolasse,z********e
zoccolassero,z**********o
zoccolassi,z********i
zoccolassimo,z**********o
zoccolaste,z********e
zoccolasti,z********i
zoccolata,z*******a
zoccolate,z*******e
zoccolati,z*******i
zoccolato,z*******o
zoccolatura,z*********a
zoccolature,z*********e
zoccolava,z*******a
zoccolavamo,z*********o
zoccolavano,z*********o
zoccolavate,z*********e
zoccolavi,z*******i
zoccolavo,z*******o
